
strategic_region={
	id=116
	name="STRATEGICREGION_116"
	provinces={
		1521 1888 1889 1957 1963 1982 1986 2000 2026 2039 2070 4580 4637 4891 4928 4959 4966 4983 5029 5067 5073 7573 7602 7969 7982 7990 8009 8031 8074 8093 8117 10351 10385 10759 10768 10782 10797 10806 10828 10837 10873 10881 10890 10913 10922 11249 11671 12704 12739 12748 12756 12780 12809 12818 12832 12852 12863 12895 13082 
	}
	weather={
		period={
			between={ 0.0 30.11 }
			temperature={ 20.0 30.0 }
			temperature_day_night={ 15.0 -15.0 }
			no_phenomenon=0.950
			rain_light=0.000
			rain_heavy=0.050
			snow=0.000
			blizzard=0.000
			arctic_water=0.000
			mud=1.000
			sandstorm=0.000
			min_snow_level=0.000
		}
	}
}
