
strategic_region={
	id=124
	name="STRATEGICREGION_124"
	provinces={
		11 22 35 38 44 46 49 58 61 64 69 76 77 91 101 109 113 114 118 125 128 130 145 147 148 151 153 156 161 168 171 173 182 184 190 192 201 202 205 211 242 295 299 329 363 383 531 556 849 869 886 921 922 933 940 979 1115 1257 1555 1630 1647 1689 1698 1703 1708 1723 1725 1728 1743 1766 1774 1778 1781 1783 1787 1791 1798 1834 1838 1844 1853 1855 1859 1868 1882 1887 1897 1918 1933 1937 1943 1944 1948 1955 1956 1961 1962 1970 1979 1981 1985 1991 1995 1997 2007 2010 2014 2015 2022 2023 2028 2035 2045 2052 2053 2057 2068 2074 2079 2085 2090 2093 2098 2099 2133 2142 2147 2152 2156 2161 2162 2177 2182 2186 2198 2204 2205 2210 2212 2221 2223 2225 2226 2995 3003 3005 3016 3034 3039 3040 3044 3045 3048 3054 3058 3062 3063 3070 3082 3088 3095 3100 3104 3106 3108 3111 3113 3126 3128 3132 3138 3141 3145 3148 3162 3173 3179 3182 3191 3229 3286 3307 3375 3386 3742 3745 3807 3851 3879 3889 3905 3921 4124 4138 4313 4375 4403 4407 4526 4536 4602 4655 4682 4697 4704 4709 4714 4729 4732 4751 4770 4777 4783 4786 4788 4792 4801 4823 4828 4843 4849 4856 4858 4862 4873 4882 4888 4892 4893 4900 4914 4920 4932 4942 4947 4949 4963 4964 4969 4973 4980 4994 4999 5000 5008 5011 5012 5016 5018 5024 5025 5026 5031 5033 5051 5056 5057 5058 5064 5076 5080 5081 5083 5087 5088 5094 5099 5100 5102 5120 5121 5131 5136 5138 5159 5162 5166 5169 5171 5188 5190 5191 5193 5202 5206 5209 5213 5214 5215 5216 5228 5232 5317 5736 6010 6015 6023 6024 6028 6050 6055 6063 6067 6071 6074 6079 6083 6084 6092 6093 6107 6111 6120 6123 6125 6126 6127 6129 6130 6132 6147 6148 6152 6155 6161 6164 6165 6168 6170 6185 6187 6188 6195 6200 6206 6207 6208 6209 6214 6310 6311 6331 6345 6397 6406 6412 6638 6888 6895 6912 6925 6938 6956 7270 7397 7511 7519 7623 7676 7693 7702 7717 7727 7732 7737 7749 7752 7773 7790 7792 7799 7803 7806 7808 7823 7843 7850 7864 7866 7870 7881 7885 7911 7915 7926 7934 7936 7939 7940 7943 7949 7968 7970 7971 7979 7985 7987 7988 7991 7993 7997 8018 8024 8028 8029 8030 8035 8037 8038 8041 8042 8047 8050 8055 8056 8059 8068 8075 8080 8081 8086 8102 8103 8104 8111 8112 8113 8118 8121 8127 8134 8149 8155 8160 8172 8175 8185 8191 8194 8198 8199 8206 8211 8213 8217 8218 8222 8237 8240 8252 8254 8913 9035 9042 9051 9054 9064 9066 9068 9083 9088 9089 9093 9095 9108 9109 9116 9117 9126 9128 9134 9138 9141 9143 9147 9148 9149 9151 9154 9171 9173 9175 9178 9182 9185 9186 9191 9193 9208 9209 9211 9218 9220 9226 9229 9251 9279 9300 9308 9329 9362 9393 9406 9410 9777 9833 9941 9966 10315 10336 10402 10418 10473 10490 10494 10539 10545 10554 10558 10560 10563 10575 10578 10614 10623 10632 10634 10647 10669 10674 10689 10691 10695 10704 10708 10724 10725 10736 10741 10747 10750 10755 10758 10767 10770 10771 10779 10780 10787 10790 10791 10792 10796 10802 10805 10817 10823 10834 10838 10839 10846 10849 10850 10855 10856 10864 10865 10868 10875 10879 10884 10885 10888 10899 10900 10903 10911 10912 10918 10923 10934 10940 10942 10953 10955 10956 10960 10961 10970 10979 10982 10991 10996 11000 11009 11010 11013 11020 11026 11034 11040 11044 11049 11050 11052 11053 11058 11060 11063 11067 11069 11070 11073 11077 11082 11090 11091 11102 11104 11112 11114 11116 11120 11123 11129 11147 11148 11152 11155 11157 11160 11163 11169 11185 11187 11188 11190 11197 11201 11208 11209 11215 11231 11278 11280 11289 11311 11327 11376 11380 11390 11448 11826 11839 11844 11883 11894 12119 12327 12394 12416 12455 12520 12524 12526 12533 12539 12541 12544 12557 12579 12590 12596 12598 12601 12605 12612 12614 12629 12649 12656 12665 12669 12671 12675 12686 12695 12702 12703 12724 12727 12729 12732 12733 12737 12740 12749 12750 12768 12770 12771 12772 12776 12784 12788 12790 12797 12798 12801 12807 12813 12815 12820 12825 12837 12845 12846 12849 12864 12869 12872 12882 12890 12899 12902 12904 12906 12912 12915 12916 12917 12919 12926 12936 12939 12942 12953 12954 12965 12969 12973 12983 12984 12992 12994 12997 13083 13086 13095 13096 13097 13098 13099 13117 13119 13122 13131 13132 13134 13146 13171 13172 13174 13175 
	}
	weather={
	}
}
