
strategic_region={
	id=145
	name="STRATEGICREGION_145"
	provinces={
		1666 1672 1676 1679 1696 1697 1707 1727 1735 1741 1761 1762 1777 1780 1792 1803 1810 1813 1826 1828 1829 1837 1850 1876 1877 4675 4677 4680 4687 4690 4703 4705 4711 4716 4719 4724 4737 4743 4750 4762 4766 4782 4785 4795 4797 4808 4815 4818 4831 4832 4835 4837 4842 4853 4868 7701 7703 7707 7713 7725 7726 7731 7736 7744 7750 7751 7759 7769 7786 7802 7804 7805 7815 7816 7819 7828 7835 7838 7841 7854 7860 7863 7876 7902 10524 10528 10543 10544 10549 10557 10559 10562 10565 10570 10574 10576 10583 10596 10597 10627 10628 10631 10639 10643 10646 10654 10658 10661 10664 10681 10683 10688 10699 10705 10712 12506 12507 12523 12525 12531 12538 12540 12555 12556 12563 12575 12595 12608 12610 12615 12621 12622 12625 12628 12641 12644 12647 12655 12666 12668 12681 12691 13152 
	}
	weather={
		period={
			between={ 0.0 15.3 }
			temperature={ -30.0 -20.0 }
			temperature_day_night={ 0.0 -5.0 }
			no_phenomenon=0.100
			rain_light=0.300
			rain_heavy=0.230
			snow=0.740
			blizzard=0.440
			arctic_water=0.000
			mud=0.500
			sandstorm=0.000
			min_snow_level=0.000
		}
		period={
			between={ 16.3 0.11 }
			temperature={ 7.0 19.0 }
			temperature_day_night={ 6.0 -6.0 }
			no_phenomenon=0.600
			rain_light=0.200
			rain_heavy=0.100
			snow=0.000
			blizzard=0.000
			arctic_water=0.000
			mud=1.600
			sandstorm=0.000
			min_snow_level=0.000
		}
		period={
			between={ 0.11 30.11 }
			temperature={ -30.0 -20.0 }
			temperature_day_night={ 0.0 -5.0 }
			no_phenomenon=0.100
			rain_light=0.300
			rain_heavy=0.230
			snow=0.740
			blizzard=0.440
			arctic_water=0.000
			mud=0.500
			sandstorm=0.000
			min_snow_level=0.000
		}
	}
}
