
strategic_region={
	id=151
	name="STRATEGICREGION_151"
	provinces={
		1223 1229 1272 1276 1287 1294 1297 1303 1309 1331 1360 1363 1369 1375 1391 1418 1662 1674 1680 1685 1694 1702 1709 1718 1726 1733 1749 1757 1765 1768 1775 1779 1784 1790 1794 1797 1800 1816 1818 1824 1835 1856 1860 1864 1879 3472 4209 4232 4238 4281 4309 4333 4337 4366 4369 4659 4661 4665 4670 4674 4681 4685 4700 4730 4734 4767 4771 4780 4781 4789 4793 4800 4803 4806 4817 4827 4840 4850 4866 4867 6787 7274 7298 7317 7326 7350 7357 7383 7407 7425 7655 7680 7681 7685 7687 7708 7722 7738 7741 7757 7774 7781 7789 7793 7800 7822 7825 7833 7837 7846 7849 7861 7874 7882 7886 7890 9512 10140 10161 10168 10196 10202 10211 10218 10235 10239 10292 10295 10308 10312 10529 10531 10533 10537 10546 10555 10561 10568 10580 10584 10600 10610 10613 10617 10626 10630 10633 10649 10652 10653 10659 10663 10670 10673 10686 10692 10696 10713 11410 12115 12139 12143 12152 12170 12174 12185 12198 12257 12266 12285 12390 12427 12509 12510 12514 12515 12517 12521 12528 12536 12542 12546 12564 12574 12580 12594 12599 12606 12613 12616 12619 12631 12635 12639 12652 12672 12679 13151 
	}
	weather={
		period={
			between={ 0.0 15.3 }
			temperature={ -30.0 -20.0 }
			temperature_day_night={ 0.0 -5.0 }
			no_phenomenon=0.100
			rain_light=0.300
			rain_heavy=0.230
			snow=0.740
			blizzard=0.440
			arctic_water=0.000
			mud=0.500
			sandstorm=0.000
			min_snow_level=0.000
		}
		period={
			between={ 16.3 0.11 }
			temperature={ 7.0 19.0 }
			temperature_day_night={ 6.0 -6.0 }
			no_phenomenon=0.600
			rain_light=0.200
			rain_heavy=0.100
			snow=0.000
			blizzard=0.000
			arctic_water=0.000
			mud=1.600
			sandstorm=0.000
			min_snow_level=0.000
		}
		period={
			between={ 0.11 30.11 }
			temperature={ -30.0 -20.0 }
			temperature_day_night={ 0.0 -5.0 }
			no_phenomenon=0.100
			rain_light=0.300
			rain_heavy=0.230
			snow=0.740
			blizzard=0.440
			arctic_water=0.000
			mud=0.500
			sandstorm=0.000
			min_snow_level=0.000
		}
	}
}
