
strategic_region={
	id=167
	name="STRATEGICREGION_167"
	provinces={
		1222 1242 1283 1310 1389 1546 1602 1613 1617 1624 1626 1629 1639 1641 1654 2129 2169 2199 4289 4317 4329 4346 4393 4418 4457 4468 4509 4524 4552 4573 4593 4635 4643 5135 7269 7305 7333 7349 7362 7365 7378 7409 7487 7512 7529 7542 7570 7585 7614 7621 7627 8161 8176 8235 8250 10147 10231 10248 10251 10260 10347 10362 10369 10396 10423 10436 10502 10505 10515 10954 10974 10981 10990 11004 11005 11018 12107 12123 12135 12154 12193 12237 12240 12315 12321 12336 12349 12364 12371 12379 12386 12400 12428 12440 12457 12468 12481 12484 12494 12496 12920 12931 12982 12995 
	}
	weather={
	}
}
