3 5 6282 349 3340 9388 321 
3 5 6282 6334 9334 9361 11372 
3 4 6332 6402 3380 362 
2 3 6332 11245 6375 
3 4 3522 9375 526 6377 
3 4 6377 6263 6325 9347 
2 3 9347 6257 6389 
2 3 6282 3207 9496 
2 4 9347 3368 3231 11366 
1 3 6377 3271 3326 
2 4 9347 6325 6349 3326 
1 2 3326 241 
2 7 6469 6622 11346 9281 11264 11360 241 
3 2 6469 587 
3 2 6469 495 
2 3 495 6535 11388 
2 4 11388 247 309 3326 
2 6 495 6535 9509 405 3395 6377 
3 4 6469 6570 529 11494 
3 4 11494 3423 9575 11531 
3 3 11494 6444 6488 
3 4 11531 11547 11560 6488 
3 4 9517 6568 589 6488 
2 5 11531 563 3558 3530 9517 
3 2 9517 11499 
2 2 11499 708 
2 3 708 3705 692 
2 3 692 11653 9515 
2 5 9517 3530 6542 6712 3692 
2 4 3692 3679 6934 9655 
2 4 9655 11638 6693 692 
1 3 11499 3690 9655 
3 5 495 3398 9547 3524 6488 
2 4 9515 3299 571 11544 
1 3 692 9652 707 
1 4 707 3688 6725 9515 
2 4 11499 9545 11529 11544 
2 6 11544 9572 11417 11445 3397 6488 
3 5 6488 3524 6549 9524 3561 
3 4 3561 425 6487 3522 
2 3 3561 6513 564 
2 4 564 11431 9443 495 
2 4 6377 11493 3355 564 
2 4 6488 3524 11533 564 
3 4 3561 425 6582 3535 
3 3 3535 11481 514 
1 4 3535 6582 6487 3522 
3 8 11544 9416 3474 482 6524 538 6501 3535 
2 4 11372 11343 9263 362 
2 6 6332 395 3384 11312 3272 6296 
2 3 3320 327 6296 
2 4 758 11710 9689 6734 
2 3 6734 9686 11677 
1 4 11677 11692 6955 758 
1 3 9764 854 9824 
2 7 6906 9896 6817 3873 6966 6812 9764 
1 4 6906 6959 9889 4098 
1 2 4098 10024 
1 5 10024 10109 4065 11956 1176 
1 3 1176 11956 12038 
2 4 1176 7068 7198 4182 
1 3 4182 10009 9979 
2 3 4182 13231 7183 
1 2 7183 1048 
1 3 4182 13231 10094 
1 4 4182 7198 6744 875 
1 3 7183 1178 875 
2 6 9764 6812 6966 13223 3954 3816 
2 4 3816 9813 11821 915 
2 7 3938 9767 6993 9785 11766 813 3816 
1 7 3816 6878 6903 3902 11852 13233 740 
1 4 885 11852 13233 740 
1 5 3938 3794 9800 9846 11825 
1 4 11825 6936 903 885 
1 6 11825 4024 3920 726 3729 11707 
1 7 11677 11840 3725 3727 3918 918 11825 
1 5 11707 6749 9703 11688 740 
2 7 7183 4080 11749 6954 931 9925 13230 
1 6 13230 9839 9917 11820 896 3938 
1 8 1176 4095 12083 9828 9778 13229 13224 3938 
2 4 11825 9846 13232 6867 
1 5 6867 13221 11756 9839 13230 
2 4 10024 1093 9903 832 
1 4 4098 1093 11884 832 
1 5 832 942 9757 6914 3938 
2 4 875 3871 3810 6948 
1 5 6948 985 11780 6866 13230 
1 6 6948 6832 6800 13229 13224 3938 
1 5 3945 6879 9852 6914 3938 
1 6 6906 3799 871 7213 11737 3816 
2 4 6287 6393 3260 3325 
2 3 6364 6235 394 
2 4 241 11360 11318 9335 
1 2 9335 6336 
3 4 6469 3512 9363 6241 
3 2 6241 391 
3 3 391 68 3314 
2 3 6241 6286 6336 
3 2 391 9498 
1 2 9498 3262 
1 2 3262 6598 
2 4 587 9522 11562 11519 
3 3 11519 13068 516 
3 4 6583 11435 11470 11494 
3 3 587 3547 11494 
2 2 9559 6583 
1 2 6560 516 
2 3 516 3576 11483 
2 3 11483 3536 11548 
2 4 11506 9534 6569 485 
2 3 11420 9500 11548 
1 2 11563 9434 
3 5 11506 9523 3549 9578 11563 
2 9 11506 9523 3549 3534 553 11521 11535 3579 6449 
3 4 512 9725 9523 11506 
2 4 3671 9492 6533 512 
2 8 11506 9523 6547 11463 3509 3495 527 9495 
2 5 3552 6572 9525 11508 9495 
2 5 3671 9492 9478 503 11465 
2 3 11465 9510 6536 
2 4 6657 655 3659 3671 
2 5 620 3626 651 669 3671 
2 7 9737 11565 595 11582 629 11596 3671 
1 5 9737 11565 595 3598 620 
2 6 6766 11702 6775 11720 9717 9737 
2 3 740 6756 743 
1 4 743 9710 6777 9737 
2 5 743 11697 11699 3749 6766 
2 6 6766 11702 6775 9734 9751 620 
2 4 9824 9853 3946 6960 
1 4 6766 943 9723 6960 
2 5 6960 9898 11877 958 11834 
2 2 11834 911 
2 3 911 3928 9909 
2 4 6788 3772 11891 9909 
2 7 11834 958 11713 762 780 3589 6613 
1 3 3594 11593 6613 
2 6 3594 9607 11576 6648 3621 620 
2 7 6960 760 11709 3754 769 9748 3594 
2 6 3594 9609 667 9644 6518 512 
2 4 6613 11794 648 3652 
3 5 3652 3669 3506 11491 11506 
2 2 3652 9642 
2 3 9642 6698 698 
2 11 11506 11518 6949 3506 9490 3533 6531 9658 6698 698 678 
2 3 678 6529 9503 
2 5 9503 1346 3629 11502 9559 
2 3 11531 11502 9559 
2 3 11516 1346 9503 
2 6 6613 3589 6784 6609 9745 6780 
3 5 6788 771 9741 11730 6780 
3 5 6780 11730 9741 776 3780 
3 4 6788 3773 6790 3780 
2 4 9515 9681 3703 9665 
2 4 9665 11651 704 11666 
2 3 9648 6690 11666 
2 5 11666 6690 9679 6687 3673 
2 5 9648 9679 9650 3684 9665 
2 6 3673 3674 6673 3657 6656 11584 
2 3 6626 628 11584 
2 5 3673 3674 6673 11595 6626 
2 3 688 3684 9665 
2 4 673 11634 3675 688 
2 3 603 3604 11584 
3 4 603 3776 773 3780 
2 6 673 11618 9630 11598 9598 603 
3 4 603 3776 11734 6606 
3 4 6606 6793 9582 11584 
2 4 3780 6790 9752 6606 
2 2 6606 782 
3 4 782 9924 967 925 
3 2 6788 6973 
3 2 9904 11751 
3 4 11751 6862 6875 11833 
3 3 11833 6946 6973 
2 4 9907 1616 6985 6606 
3 5 9907 9879 9750 6862 11751 
3 4 925 6926 9794 9904 
3 3 6831 9838 925 
2 4 11837 9784 6843 883 
2 4 883 6939 3966 6831 
2 3 819 11803 883 
3 2 11846 9904 
3 4 11846 923 9826 819 
2 8 9990 12066 3901 10027 3968 851 955 819 
2 2 11998 11837 
2 6 9990 12066 12098 10027 9856 11837 
2 2 4014 4159 
2 4 4159 1156 3857 10074 
1 5 11773 11874 11824 9772 6891 
2 6 383 3307 6412 9362 6345 9279 
1 6 9279 11376 6120 11160 11327 11215 
2 4 6296 6360 6229 9483 
2 4 9483 6342 6222 9340 
1 3 9483 3354 9262 
2 4 310 7482 10323 9340 
3 5 514 573 469 9414 11542 
2 3 3583 9457 11467 
3 3 11666 6739 9692 
2 4 9692 541 3484 11539 
2 4 11539 9551 9567 3583 
2 4 11539 581 3550 3581 
2 6 9660 9690 6561 11679 541 9692 
2 6 9660 11663 9676 6720 3700 11666 
2 6 9660 6703 682 3670 9611 11581 
2 4 11581 3654 6650 9627 
2 3 6626 599 9627 
2 6 9648 9646 596 3654 6650 9627 
2 5 11581 3654 596 9646 9648 
2 5 11581 624 9595 6647 619 
2 4 619 3617 11580 11586 
2 4 9606 11787 3617 619 
2 3 3601 3592 11581 
2 4 6626 11735 11564 3601 
2 4 3882 11832 9906 9602 
1 4 9602 6634 11583 11586 
1 4 3882 3833 3526 11818 
2 9 4109 3988 1109 976 863 6930 3844 10163 11818 
2 5 9602 11887 11868 965 949 
2 8 949 3971 3952 3819 6842 9769 649 9783 
2 4 949 3908 3937 6923 
2 2 3663 9617 
2 4 657 6677 11603 9617 
2 9 9548 6761 744 3741 6747 9701 11652 9651 3663 
2 8 3663 3636 3639 637 3645 11657 3649 9606 
2 9 3663 660 6695 6709 11639 676 11622 693 6711 
2 3 6711 3709 3696 
2 3 746 713 3696 
2 5 3581 6586 11691 3548 746 
2 2 6314 3288 
1 3 9483 3354 6314 
2 4 6332 11265 348 3288 
2 7 9340 9240 9317 11291 3074 496 3152 
2 5 3152 11426 11127 11443 4640 
1 4 11105 6108 9194 3083 
1 5 9206 6082 11056 9183 9073 
1 6 9073 67 9167 6144 9129 11105 
2 4 11370 277 6340 3320 
2 9 362 3380 3351 6347 6321 9290 6567 524 3544 
2 7 6558 17 11515 493 9508 9400 3544 
2 8 6558 388 11232 279 3324 389 3380 362 
2 2 11467 6464 
2 3 6464 13205 9427 
3 5 9427 11430 6416 467 3544 
1 3 6464 9567 3583 
2 6 11479 9558 422 11441 6546 3392 
2 5 3544 524 402 9544 3392 
2 3 3369 7239 9297 
3 4 6103 11374 221 271 
2 3 9297 11345 9315 
3 7 6103 11221 296 9322 364 11382 9315 
2 3 3369 6378 377 
2 6 377 3241 6301 3301 3205 6384 
2 4 9315 11382 9269 11297 
2 5 6384 6335 6399 11332 11218 
2 4 351 11299 11378 9392 
2 5 11218 9350 9237 6395 3273 
2 3 9392 9383 3273 
1 5 3273 9383 6300 3150 11136 
1 5 3273 9383 159 11306 9075 
2 3 3379 3242 385 
2 3 3392 11247 11301 
2 6 11301 11357 11386 266 395 6332 
2 4 11301 347 13206 3393 
2 3 3320 9274 3393 
2 4 11370 11216 9236 9304 
2 5 11301 347 318 3309 9304 
3 6 11399 3559 3521 12562 524 3544 
2 4 11399 6580 536 11479 
2 6 3458 3559 3521 12562 524 3544 
2 7 310 6459 3219 6326 6249 9323 11241 
2 4 11241 323 6293 11234 
2 8 11202 11097 3053 6139 181 11080 6174 3151 
2 5 11349 6264 3235 9287 11234 
2 3 11241 9241 3331 
1 2 3331 9289 
1 3 192 6055 101 
1 7 101 3095 11155 9226 9186 3104 9108 
1 11 9108 6083 6161 9220 11067 118 11185 6063 130 205 3108 
2 7 9197 70 11059 11153 6057 90 11159 
1 10 11159 9118 3033 11092 155 11175 6021 94 9195 3189 
1 9 3189 86 3008 9162 3121 6181 9201 11117 3134 
1 8 11105 9129 11172 3025 6138 9038 6013 3122 
1 5 9073 11138 9056 9163 141 
2 10 11202 415 592 9485 6408 308 11291 9317 9240 9340 
2 4 11370 216 386 3350 
2 2 6373 3350 
2 3 6373 6344 9288 
2 3 9289 3378 6373 
2 7 6373 6319 9249 3507 9568 441 6593 
2 9 6593 3470 11543 6435 572 513 422 6580 11399 
2 7 11479 491 11427 438 462 6429 476 
2 4 476 11464 11514 6593 
1 5 11479 6483 11411 11550 9548 
2 6 476 9423 9576 754 741 11670 
2 5 476 9481 11490 504 525 
2 13 11437 11405 588 3573 737 568 3722 6724 705 3686 6704 9677 9680 
2 9 11437 6423 6451 3452 458 11438 9465 504 525 
2 6 11437 453 472 3449 3466 6474 
2 4 6474 6493 9430 9417 
2 4 3734 9696 3760 719 
1 3 3672 3682 3668 
2 6 7661 7495 4458 7624 4463 3668 
2 6 3653 772 654 9626 1530 1599 
1 9 1599 11708 1539 11674 11645 4477 4614 1536 7661 
2 6 6474 3479 502 6530 3531 418 
2 7 3527 9552 9489 11439 3409 9556 418 
1 5 418 9449 3492 558 3580 
2 4 11504 3557 11397 418 
2 7 525 11557 9543 11530 9519 559 11504 
2 4 525 11557 6458 11489 
2 5 9288 546 9506 3480 11489 
2 7 11489 6508 9566 3225 288 3306 3335 
2 4 3580 9260 9328 9355 
2 5 9355 9411 11242 3292 6262 
3 4 6398 6230 6279 3356 
3 13 9422 11408 433 9460 3426 3578 11523 9432 11421 6502 6339 9365 9243 
2 7 6398 6369 9339 9312 11436 471 9422 
2 7 121 9122 11099 2 9168 2996 9131 
3 4 9197 70 11174 3140 
3 7 9422 313 3304 6353 6382 9409 9258 
3 8 9258 9286 6391 11262 11394 11344 11277 11375 
3 11 9258 9286 11269 3317 286 3276 6302 6226 6275 9243 11225 
3 8 11225 11348 393 3357 3330 6515 9420 12128 
2 8 11225 11377 11256 3265 4324 4283 1305 1278 
2 6 1278 12117 10142 10329 12157 9292 
2 5 9292 1233 12287 10133 1821 
2 7 12128 3563 4322 1254 4294 7370 10253 
2 7 7243 4300 4374 4227 1314 12294 10253 
2 7 6338 260 9336 3251 3300 6388 6278 
2 11 6278 7403 206 1380 10286 10314 361 3280 7320 10133 1821 
2 7 7375 11228 237 3280 7320 10133 1821 
2 10 7375 11352 7346 12203 9293 370 3027 3139 272 6124 
3 13 9131 2996 11143 143 3135 9200 11075 73 3066 3103 6089 9214 6124 
2 5 7477 7563 4599 12491 12333 
2 5 1821 9553 1543 10189 4824 
2 3 9292 1327 1292 
2 3 3325 3277 399 
1 3 3325 3277 6364 
2 3 11366 332 399 
2 8 1292 1775 1294 12521 4780 7800 1709 10696 
2 8 4824 7846 7774 3472 10600 12652 4700 10696 
2 6 10696 12679 1733 1860 7825 7274 
2 9 1459 10148 10366 12397 7597 12329 7657 7600 7243 
2 5 1459 11687 7682 7501 1554 
1 6 12333 8099 10414 1649 10470 1554 
2 8 7274 4866 7757 12631 7886 10712 10639 12691 
2 8 12691 12621 1876 1813 10549 10661 12540 4797 
2 10 4797 1762 4837 10528 4766 12507 7860 10683 7786 4677 
2 9 957 6989 11750 6684 664 6686 11643 10466 12189 
2 6 7642 4434 4621 1425 4406 7381 
1 5 7642 10135 12293 4390 4608 
2 5 12299 4424 7427 4412 10297 
2 4 1330 12127 4336 1403 
2 4 1330 10154 10283 10344 
2 7 1330 12127 1417 12256 4626 4585 1492 
2 2 1185 4075 
1 8 4075 12075 10075 12319 1522 4501 7446 1319 
3 2 1182 9998 
3 3 9998 7157 7087 
3 3 7087 12097 10125 
3 2 7072 11960 
3 5 10125 7187 4172 4142 11960 
3 3 7072 12031 7212 
3 3 7212 11946 1092 
3 3 1092 10052 11985 
2 2 11960 1136 
1 2 7072 1136 
3 8 1136 9985 10055 1167 7145 1191 7050 11985 
3 2 1025 7110 
3 2 7110 9950 
3 6 4102 1183 12006 11925 4164 7110 
1 2 11985 1025 
3 5 11960 4142 4172 7102 10032 
3 7 1182 4188 4100 7016 4118 1024 7169 
2 4 7169 12056 3848 6994 
3 6 1117 11930 4067 1063 9865 6994 
2 2 12007 1117 
3 3 12007 10128 10032 
3 5 10125 7187 10015 11989 12007 
3 5 1182 1097 11908 11989 12007 
2 3 3962 7532 10444 
1 3 10444 10512 12421 
1 3 6994 9859 3962 
4 4 4056 4086 1081 11977 
2 4 11948 10110 4126 11977 
4 4 11977 7204 7221 7125 
2 5 7125 9981 848 10083 6928 
4 5 7125 12040 11915 10065 4052 
4 5 4052 9790 912 11835 6981 
4 6 6981 3970 3839 3895 9885 11771 
2 5 11771 987 9781 11764 964 
2 4 964 3783 6851 1150 
2 3 9843 11761 10068 
4 10 11771 6951 11815 9835 6837 11886 3900 1052 12043 10068 
2 6 10068 9969 11996 11980 7189 1069 
2 5 9843 4140 12026 7109 4190 
2 5 1069 12045 4071 7089 10000 
2 4 1519 4538 12062 4190 
1 3 9843 9776 952 
2 4 1069 4037 10043 7025 
2 9 11913 1146 10008 7094 11916 10040 9995 7085 7025 
1 3 7014 12052 10076 
1 4 10076 7120 996 11913 
2 4 7014 12076 4042 7191 
1 5 9974 7058 1096 11991 7191 
2 7 4190 1188 1169 4144 1139 9958 10364 
2 7 10364 12012 7568 7580 9934 7167 4619 
2 4 4619 4631 9999 7097 
1 3 3992 7653 1628 
1 3 10062 7108 1047 
2 6 10364 4066 7656 10098 4010 7025 
2 5 12068 1091 11959 7214 7186 
2 4 1047 12095 1120 9970 
2 3 9991 12010 11968 
2 8 4245 10077 4644 7662 7565 10389 12338 8010 
2 8 4245 10077 1609 4616 10443 10389 10349 7455 
2 7 4245 10077 4644 7593 7537 4544 4516 
1 6 4245 4062 7220 1444 12035 12307 
2 5 4245 4062 4104 1101 10060 
2 5 10060 10116 12462 11978 10001 
1 5 10001 10255 4237 1228 7340 
2 5 7340 4280 12114 4472 8087 
2 6 10278 12180 10152 1430 4321 7340 
2 4 10278 7436 1268 10246 
2 3 10246 4416 7265 
2 4 10278 1344 12734 8011 
2 5 10246 4416 1409 7288 1321 
2 8 10278 1344 12734 10808 8067 7363 10274 7447 
2 4 7447 7391 10190 7244 
2 4 8011 8100 10208 4278 
2 4 8011 8100 4414 10756 
1 4 10756 10259 5104 8087 
2 6 10278 1344 7310 12779 10296 10756 
1 4 10756 10259 5104 1359 
1 3 8087 10324 1359 
2 5 1359 12142 4353 10270 1349 
2 8 4278 12105 7250 12295 10210 12182 12269 1349 
2 6 1349 7013 4187 7150 11952 9975 
2 5 4516 1569 2005 7938 5040 
2 3 5040 5055 12137 
2 4 5040 4045 2036 12137 
1 3 4516 10751 9973 
1 4 9973 4299 1377 12137 
3 4 12137 5086 10794 2086 
2 6 2086 2032 10729 12822 12005 10887 
2 7 2086 12868 2002 10772 10066 9084 10887 
2 3 10887 9084 8007 
1 3 3456 10108 4110 
2 3 4110 7084 10735 
2 3 10735 8098 5105 
2 4 10735 1971 10898 8007 
1 4 10887 4979 8022 12763 
2 4 9975 1144 7207 4132 
2 9 4245 4062 7220 1059 1538 10428 9946 7574 10401 
2 5 10401 12420 4557 4883 10030 
1 6 1349 7013 4072 7060 7430 10030 
2 6 10030 4950 11995 4953 5096 5040 
1 3 7260 7344 10201 
2 4 5105 8013 12761 5075 
2 4 2097 3795 1600 10106 
2 5 12473 7140 1056 4550 4111 
2 2 4111 792 
2 3 4206 1201 1065 
2 4 1065 7170 1074 4111 
2 2 1086 4206 
2 4 4111 1074 7170 7151 
1 3 1065 7170 7151 
2 6 4206 4088 4161 11979 1155 12049 
2 4 4345 4417 10320 7433 
2 10 7433 1284 12291 4362 7379 4432 1424 7304 7644 7361 
2 8 4345 4417 10320 10174 12221 1282 4342 4285 
3 3 4345 4270 3778 
2 8 3775 6797 9580 11567 3605 6625 4270 4345 
2 13 9450 6713 11641 11685 9684 6769 11669 9724 9711 722 11695 3763 3775 
3 6 3778 3635 3661 9634 6676 6510 
2 13 6510 9467 12278 12582 602 777 10718 4775 7899 1769 4875 4426 4872 
2 12 6510 9480 1299 4869 1782 10718 7794 13094 11571 4875 4426 4872 
2 3 12603 10611 4739 
2 5 4739 9669 6726 515 3010 
2 7 4872 12688 3721 12593 12663 3481 4739 
2 5 12603 1788 3721 12688 4872 
2 5 12603 10611 11440 10684 7787 
1 7 7787 4765 4877 4343 7853 1858 1408 
1 8 3010 6754 1347 7761 1737 7853 1858 1408 
2 4 1408 4428 10157 7315 
3 3 7315 12214 10327 
2 4 7315 7386 10271 12211 
2 2 12603 4759 
2 4 4759 10709 1752 3719 
4 4 3719 10618 6752 1866 
2 2 9450 12357 
2 8 12357 9657 926 1760 10526 3699 1719 1866 
2 6 1866 4807 4664 10341 12456 12357 
2 9 9450 12368 6737 11589 1560 10341 4664 4807 1866 
1 7 9450 6713 11641 695 691 11656 6710 
2 7 6710 9724 9711 722 11695 749 11654 
2 5 9450 6713 9654 11637 689 
2 4 689 3685 9825 6890 
2 5 6890 882 3687 6707 11654 
2 4 6732 3906 11830 9832 
2 8 3878 6911 3806 11665 10381 11662 7345 4345 
2 4 9832 6909 9847 3878 
2 2 3878 6882 
2 3 6882 3863 6845 
2 3 6845 3824 6984 
3 2 6984 3957 
2 5 3957 873 3823 11841 10412 
2 8 6845 6869 11785 9804 847 3850 880 11800 
2 4 6855 827 9808 11800 
2 11 9450 6713 9653 870 11791 3872 659 3853 6874 9808 11800 
2 6 1595 9796 831 11776 11760 6855 
2 2 1595 4527 
2 11 4527 4601 9775 9760 7528 3975 801 9923 6823 6929 3957 
2 6 12211 3513 12183 7865 12553 9616 
2 6 1866 9880 7536 12577 12646 12586 
2 9 9450 12312 11589 10478 7306 12418 11788 10666 12586 
2 6 12586 7852 3855 3613 4760 4723 
2 9 9450 12368 6737 10393 7539 1586 1678 9892 12586 
1 6 1595 4531 4437 10461 9682 9450 
2 10 11654 734 3733 3702 9708 1436 9693 3806 6911 3878 
2 4 6696 1881 10448 1595 
2 4 6696 12709 12568 9727 
2 3 4527 1445 9727 
2 4 1572 12381 1480 11975 
2 6 1843 9834 10489 866 12439 1572 
2 3 1572 1584 7388 
2 6 1572 12353 1433 12470 10492 12384 
2 3 12735 7422 492 
1 4 12384 7583 860 492 
2 3 492 10520 7480 
2 3 7552 7524 4464 
2 3 7552 1453 10449 
2 4 7552 1453 1643 1528 
2 5 1528 12401 6968 9829 3960 
2 4 3960 10861 10504 10337 
2 6 10337 1500 12313 4507 4535 7552 
2 5 10337 12410 4884 2042 6785 
2 4 10337 12341 1927 12782 
2 5 3960 7981 5022 1927 12782 
2 6 12782 2019 12728 5038 10894 10740 
2 2 3834 853 
2 5 3834 7920 5044 12791 10740 
2 3 3960 9829 5001 
2 6 5001 7485 12458 12489 4444 1646 
2 3 7202 1547 11975 
1 4 10412 3925 11738 788 
2 5 7202 10029 7012 4491 7138 
2 7 12384 638 10394 1485 4653 4491 7138 
1 9 7202 7012 7134 11927 7083 7045 11783 6943 788 
1 4 1132 4168 6943 788 
1 4 7138 7083 12054 1132 
1 5 10412 9931 12445 10081 7138 
1 3 4464 7668 7480 
1 5 3957 951 11873 10343 7646 
1 5 7646 7466 4627 12637 9727 
1 3 9727 1582 913 
1 3 913 7791 10909 
2 3 12384 5090 10909 
1 4 12735 12803 968 10909 
2 4 12735 10192 10824 12501 
2 4 12501 1987 10615 7797 
1 2 1646 7797 
2 5 12735 1587 10753 7464 7797 
2 4 10449 10410 4510 1646 
2 4 6696 6974 12670 12501 
2 6 1595 12437 1604 7626 12305 4569 
2 7 4569 12305 10457 12497 7611 9682 9450 
1 4 4569 1621 12361 10717 
1 3 10717 1564 1534 
1 5 4569 12346 12463 10370 1534 
2 5 4569 4449 4540 4625 7797 
2 11 6464 506 584 11428 493 11515 243 279 3324 389 362 
2 4 9508 548 3230 3295 
1 4 3295 3324 389 362 
2 10 9450 12368 6737 10339 1527 4590 7449 7607 12361 10717 
1 7 1866 9880 1867 12667 12620 3750 1747 
2 8 4723 10640 10711 1815 12651 1851 12585 4860 
1 3 4860 10593 10624 
2 4 12211 3513 4328 4274 
2 5 3588 6665 3471 10151 4274 
2 4 4274 4347 4331 3588 
3 3 3588 9697 9713 
2 4 9671 3677 6699 9713 
3 5 9713 6699 6694 6876 4518 
2 4 4518 9911 941 10387 
1 3 10387 10483 9814 
1 4 9814 11757 7517 1562 
1 3 1562 12374 7986 
2 3 7986 8115 853 
1 4 10387 12303 4727 7986 
2 7 10327 12673 12124 3781 6742 7779 4860 
2 11 4860 12572 4857 7880 1767 6722 12566 1836 4772 1752 3719 
2 4 10624 4863 7883 4759 
2 8 10327 1690 1832 4838 1854 1857 10593 10624 
2 5 10717 7834 1352 7892 4740 
2 4 1534 9802 4811 4740 
2 3 1534 2043 1806 
2 6 3960 2082 8025 5103 1618 1806 
1 3 1806 7904 10798 
1 3 10798 11802 4740 
2 5 3960 9920 5085 3875 3972 
2 3 10798 10702 3972 
2 5 4740 11802 7762 2055 3972 
2 2 3972 9908 
2 5 9908 12624 4586 10340 4740 
2 6 9908 12893 10867 8070 3867 10740 
2 4 10740 12791 3883 4975 
2 3 4975 10642 12627 
2 5 4740 10340 4586 1738 12627 
2 3 12627 10588 1827 
2 10 10717 7834 4757 12513 1753 10532 4871 12570 12642 1827 
2 9 10717 7834 1352 7892 12024 4814 4586 1738 12627 
2 3 1827 7780 4723 
1 3 853 1793 11814 
1 4 11814 4799 4657 10387 
1 4 853 7747 6897 10573 
1 4 10573 10645 12552 4975 
1 4 10573 7821 12765 11814 
1 9 12627 9792 868 1658 6887 1756 4742 10662 4865 
2 8 4865 10651 12573 12699 850 4799 4657 10387 
3 9 4865 10651 10591 7827 4736 10422 11698 710 9713 
2 3 4865 10582 12535 
2 4 12535 1789 10556 9616 
2 6 12535 7888 12633 12561 10640 4723 
2 4 1814 4804 12617 12604 
2 8 1814 4804 12617 7783 1713 7887 1565 4543 
2 4 1814 4804 7692 1801 
2 4 2197 5195 2203 2211 
2 5 7798 4776 12932 12924 12910 
2 8 7798 12576 7755 1667 10455 10682 12435 12406 
2 10 7564 7535 7522 4481 12308 7651 10487 10460 4560 7566 
2 4 1454 12104 1431 7669 
2 5 12589 10415 12692 12547 4696 
1 2 2229 10963 
2 4 10963 7605 5203 1509 
2 2 1509 10697 
2 3 10697 4822 4696 
2 4 1468 4556 12648 10400 
1 2 2213 10400 
2 2 7576 1468 
2 2 4696 1833 
1 4 8245 1688 5106 10400 
3 2 10697 5231 
3 3 5231 12648 10400 
2 2 10963 4879 
3 4 10929 1874 12963 8214 
3 3 8214 10668 5231 
3 4 10929 1874 7872 5199 
3 3 5199 12504 191 
1 5 8214 12963 1874 7872 5199 
2 3 10968 12925 5117 
1 5 2196 8205 12911 10932 8144 
1 3 5160 10860 1939 
1 3 1939 5196 5210 
2 4 7011 10073 7164 4076 
2 5 11921 4129 7162 7180 11969 
2 2 9994 11969 
2 2 12051 7081 
2 6 12051 7065 13077 4131 11939 1145 
2 5 1145 9964 12760 11923 7132 
2 7 7132 4116 989 1111 4097 11987 7100 
2 3 7100 10070 7069 
2 4 7069 10023 4139 4108 
1 4 2012 8015 12710 4948 
1 5 2050 12900 2025 1969 4972 
3 4 9570 6462 9511 11467 
2 4 3458 6416 11430 9427 
1 3 3458 467 3544 
3 4 321 11305 9320 9347 
1 5 3522 9238 9294 11305 321 
1 5 3522 9238 9294 9320 9347 
2 7 2086 2054 1908 4984 10847 1980 4110 
2 7 2086 2054 1908 4149 12886 1103 9975 
2 9 4245 4204 7593 12452 1637 10471 10332 7938 5040 
3 7 11542 9429 583 421 6562 3414 3583 
2 4 3583 3414 6562 3569 
2 5 3569 557 3718 6739 11666 
2 6 11542 9429 583 421 6562 3569 
3 3 7859 12435 12406 
2 9 12406 7520 10388 4478 4658 10500 12451 10430 7564 
2 4 8186 5225 10925 12910 
2 10 12406 1537 10427 12377 11019 2114 8249 5211 5225 8186 
2 13 8186 10927 8165 5197 12948 2191 10969 8200 10949 1526 10983 2157 1652 
2 9 6928 3981 3852 6922 959 6822 898 6944 9897 
2 9 10433 9782 10503 12482 11906 6811 810 3977 957 
1 7 957 3977 810 6811 9766 973 9897 
2 8 4572 7663 11864 9913 9928 11893 6964 9897 
2 5 11771 11808 916 4642 4572 
2 4 4572 4503 7652 10433 
2 3 10433 7582 4506 
2 9 4506 12485 4876 10638 13150 4745 7743 4719 4677 
2 7 11771 846 9831 930 4633 4561 4506 
2 7 4725 10655 7801 12678 12261 4805 12189 
2 9 4725 7763 12657 10678 7851 12543 10559 7725 4677 
2 5 4506 1588 12618 7832 4725 
3 8 3585 6418 9421 9541 543 6552 9527 11666 
3 4 11542 6440 3418 3585 
2 6 3585 6470 11404 3474 9416 11544 
2 3 9315 6318 6384 
2 5 9315 9379 9332 11270 351 
2 4 12051 9976 12034 9943 
1 4 11752 7674 1489 952 
1 3 1052 900 6969 
1 3 6969 3955 952 
2 3 7101 10517 7097 
1 4 3992 4083 7172 7199 
2 3 6747 723 3707 
2 4 12991 2063 4995 10775 
2 3 560 11503 6435 
2 3 3707 11686 754 
2 6 754 3757 3575 6597 409 3452 
2 4 6344 9371 9396 11230 
1 6 3122 11065 3172 66 195 11121 
1 5 9206 11162 3050 6150 3187 
1 12 3187 3030 9061 3068 9169 193 6146 11079 9233 9106 6212 11121 
1 5 141 6078 9104 3125 6146 
1 4 9056 11033 3119 6138 
2 8 3668 6701 700 6748 3726 6758 11706 9753 
1 6 10364 1004 1603 5092 7406 7418 
2 10 10137 10309 4379 1302 7280 12297 4397 10016 11936 1185 
2 6 4401 12232 10232 12204 1285 10162 
1 8 4329 4289 12135 1242 1222 12123 12107 1639 
1 5 4468 7512 7487 4524 12386 
3 10 6174 79 6197 117 71 6154 9212 6225 248 11234 
2 2 3151 10737 
1 5 9292 12157 1334 7328 10256 
2 7 9753 9735 3597 9594 9426 11566 11724 
2 5 11370 294 11322 8215 3331 
2 5 306 10399 3210 3278 11230 
3 9 73 11180 12 256 9358 9291 9368 11375 11277 
3 7 7916 10476 11484 6575 11395 11460 11523 
3 7 11225 9299 11319 11273 11339 372 6338 
3 10 3330 6424 566 11537 9549 6574 3490 9447 6479 11395 
2 2 7563 10406 
2 10 12294 12179 10264 13008 475 3593 11701 1517 4563 10406 
1 2 9753 757 
2 5 10256 4215 10224 7341 4294 
3 2 11068 79 
3 7 121 252 6356 9278 6283 3979 6380 
3 13 6380 9868 301 11362 6316 9311 3370 3268 6392 6295 6299 3303 11375 
3 15 6380 11853 3391 3327 401 335 11254 9272 6387 3362 306 9954 11290 11220 3331 
3 6 6380 11853 6414 6290 6396 6262 
3 12 11344 9407 6410 6362 3202 214 11217 9235 3290 301 9868 6380 
3 10 9131 11213 11189 9207 81 11083 3163 9107 172 3140 
2 8 7916 3529 9504 533 9516 6544 500 11459 
1 4 9206 9100 3060 10737 
3 5 9197 11068 149 10852 3151 
2 10 3529 7916 11474 520 6516 6486 9455 11429 6620 9753 
2 8 3734 3752 3765 3587 426 5082 585 9417 
2 14 3672 9647 6733 6718 731 11678 11696 9726 6781 3587 426 5082 9417 585 
3 10 3335 6252 11284 11235 11300 3263 6348 6414 11853 6380 
3 5 6398 6341 413 6317 3527 
3 9 6338 3315 6307 325 6403 368 11275 9368 11375 
1 7 3022 9139 3183 3105 133 6042 11028 
1 3 6115 11184 11151 
1 4 6115 9103 9157 11028 
1 11 6115 9204 11029 9174 6151 9096 11176 9296 3049 137 53 
1 5 122 6145 65 3192 137 
1 5 2065 1922 7953 5005 2089 
2 5 8001 5192 12914 2089 8085 
2 5 2097 12046 5230 10876 8001 
2 5 2097 8225 7977 12726 2089 
1 6 5010 11831 5041 3876 8043 12766 
2 5 10833 5068 3951 12757 10775 
3 5 11506 2136 454 8187 11420 
3 5 11506 11518 1449 10985 13011 
2 7 13011 10985 11549 3402 10943 8187 11420 
3 3 516 10952 6598 
2 9 11506 11518 6949 551 11732 7500 6545 2172 11516 
3 6 516 3516 2158 9444 9418 6583 
2 6 13011 9472 5152 13081 3516 516 
3 4 6103 9811 507 9458 
3 4 6103 9912 13070 3501 
3 8 540 3463 9484 6351 11471 9239 9811 6103 
3 5 6103 9811 9239 6221 3369 
3 6 6103 9811 9239 6221 6270 9297 
2 4 687 3076 6706 11652 
2 7 9660 716 6716 699 730 11659 3696 
2 5 9660 684 6700 9621 619 
2 4 9617 6658 9610 3819 
2 3 7011 12016 4073 
2 3 4073 9929 12049 
2 3 7011 3927 11964 
2 8 7011 11898 4055 1068 11753 10031 7454 11753 
2 4 7151 4574 4591 4115 
1 3 9914 3884 11767 
2 6 3601 591 11901 984 3974 3924 
1 4 3601 6614 6619 6983 
1 3 3868 11816 3924 
2 4 10031 7144 11974 12044 
2 7 12044 1151 6995 12071 1064 4913 11999 
3 5 12806 2101 12826 10472 12796 
3 17 5139 10948 2080 9137 11194 1993 13211 1883 7919 12101 8052 10827 12744 10851 10795 6978 12806 
2 11 1149 4194 7209 9980 1118 1041 4047 9799 10117 12088 4057 
2 8 4057 1198 11746 4200 6935 7063 4120 11954 
2 8 11954 10123 12094 4151 1204 7082 9992 1130 
2 5 7063 12079 10049 12025 9992 
2 8 7132 4150 7008 12018 12306 7958 13242 4933 
2 5 1492 8208 7469 10920 4425 
2 6 12366 8195 1497 10416 9993 11929 
1 2 11929 11968 
2 3 8208 12453 8216 
2 7 9991 10924 1142 12090 1014 1333 10344 
2 20 10297 1376 12215 7342 1291 12144 10156 4371 1337 4312 12201 1281 1308 4388 12220 12122 2209 2173 1427 7408 
2 10 7408 10250 10221 12173 10411 7572 7353 8203 7492 1488 
2 8 7455 12978 1116 12322 11022 8063 12901 4425 
2 6 8216 8238 1581 8231 12395 12366 
2 10 7566 12382 8230 2187 12957 1514 2139 4487 1478 1454 
3 2 7859 4673 
3 2 7859 12560 
1 4 1415 10165 7323 10265 
1 5 12213 10298 7325 4423 10165 
2 6 4075 12048 7015 12065 1469 7137 
2 8 1047 7152 1187 1087 7044 4028 7650 7137 
2 4 7572 7559 4408 1403 
3 3 12725 1977 10126 
2 5 1118 4176 4117 4962 12248 
2 6 7492 10973 10371 5165 1990 7974 
3 5 6282 3312 11444 9860 6521 
3 8 9570 552 6595 3572 9496 11505 6965 6521 
3 4 514 6441 876 6521 
3 16 6521 6965 11505 3207 537 6236 9387 9252 11260 11288 334 389 362 3380 6402 6332 
3 6 6521 9860 375 11219 11276 321 
3 5 3522 9456 3499 11880 6521 
2 12 4076 12013 4145 1071 11910 10061 3950 9989 7079 10120 4136 1130 
2 7 3795 13258 12413 2013 3942 7671 12473 
2 3 12413 13257 1631 
2 7 9878 9823 12082 10869 3893 10907 12816 
2 7 1149 1189 12039 11957 7005 10026 11921 
2 8 13242 13243 13238 2049 13246 5053 4970 9943 
2 11 12248 1119 10497 1122 12653 13234 1095 10749 8077 13244 4970 
2 4 4108 10107 8046 4933 
2 4 7081 1160 4163 9994 
2 15 12248 4962 10826 5004 12866 12022 2179 10754 11021 1994 1140 9932 10785 4974 10815 
1 3 5074 1973 10840 
1 2 4593 7621 
2 4 10126 4981 3982 11999 
2 3 4910 10844 6807 
2 7 4075 10129 9961 7218 12433 4568 7974 
1 4 1291 4297 1279 7329 
2 6 3529 3582 579 487 544 11408 
2 5 731 6750 9705 9739 11724 
2 5 1631 4440 4603 4574 7151 
2 10 9131 3175 9199 3157 6075 9187 3130 11171 312 3338 
2 5 11174 6095 6035 71 117 
3 13 6380 652 3259 344 9256 6245 333 11315 2999 9333 110 11191 6154 
3 4 6245 3215 9343 11349 
3 7 6380 9868 9348 9282 11268 9330 3356 
2 9 6245 3323 6122 6203 3143 3035 129 6189 9207 
2 6 9878 10815 7448 10104 806 6935 
2 6 7974 4175 2061 1566 10944 1492 
2 6 1488 7675 12317 2106 12256 10344 
2 6 3580 457 3554 9579 6477 413 
2 5 310 341 222 319 415 
2 5 117 11072 3089 95 11097 
2 6 6508 9477 522 3520 11526 3580 
2 5 6479 11538 545 6525 6486 
2 3 4076 7091 11964 
2 4 1071 992 11842 8060 
2 3 8060 2224 11898 
3 11 11217 283 11314 397 9376 3302 275 232 3389 3332 3304 
2 6 415 3310 6242 9353 9386 6249 
2 6 3320 9295 11498 11226 11358 310 
2 4 4640 126 3120 181 
2 4 10323 10493 11302 9485 
2 8 9427 11413 442 6499 6522 13260 9468 11479 
3 5 9496 3473 11478 3532 6558 
2 10 9430 6445 3421 6420 9571 9729 11700 6771 9712 568 
3 10 3527 510 6494 6591 3540 3519 11459 11450 11434 9417 
2 5 11230 236 6305 3226 6252 
2 5 306 3247 3313 354 11234 
2 5 6242 9254 11304 9319 3089 
2 6 9107 6131 194 11048 9111 110 
2 8 6530 9531 11487 570 9424 3469 11475 3527 
2 5 471 3566 9529 3504 6494 
2 5 6398 9394 9245 11227 275 
2 6 6923 893 9791 6990 3936 11818 
2 4 6923 9862 9888 9902 
2 3 6923 6952 3819 
2 5 6706 3724 6743 6727 11670 
2 3 560 6280 3309 
2 5 308 6178 6099 11057 11443 
2 9 143 6077 97 3190 3116 6247 6269 280 3370 
2 5 9111 9177 11084 150 3035 
2 5 6075 11071 11178 138 127 
2 8 9107 6169 11062 60 166 6017 89 11178 
2 12 6089 9065 3112 119 11192 9210 3079 9113 11074 183 3065 11171 
2 5 9113 6091 9202 11177 3175 
2 7 6124 9370 6383 11255 9402 3361 325 
2 7 3317 11373 3334 6357 9373 9259 6307 
2 6 11269 11240 11364 353 483 3578 
2 5 275 11363 6284 6343 9407 
2 8 11459 484 3478 6490 11400 9581 6794 11724 
2 5 3362 6273 6400 6367 6264 
2 3 9690 9537 3550 
2 6 684 11646 9656 6682 9640 11622 
2 6 682 6685 11610 9643 9608 619 
3 3 12975 8207 5139 
2 6 11976 7117 8157 7454 10031 11753 
2 4 12816 785 10901 11976 
2 3 1071 10127 11976 
2 4 8060 12930 7216 10127 
2 4 12816 7995 7148 10127 
2 4 3950 12998 12099 7148 
3 9 191 4515 1516 9986 7716 4128 12896 12945 5117 
3 3 5117 8193 12975 
2 6 191 10594 1846 10988 2176 8144 
2 8 8144 4171 3854 7088 8223 2096 10877 12744 
2 5 9973 7064 7334 4459 4987 
2 6 10137 4255 1300 4334 4405 10162 
2 9 4397 10326 1520 1535 12402 10425 12388 12195 10250 
1 9 5075 12895 12809 11249 10828 1963 2026 12756 2065 
3 7 2101 10784 3964 2003 3862 9861 12725 
3 5 4910 10902 9755 3935 12725 
2 6 12806 7925 11739 4961 11897 12836 
1 7 12761 10782 13082 2039 7982 4959 12832 
1 4 5005 5089 10797 12832 
2 7 7566 12382 1557 12949 10941 12934 8249 
2 8 12796 11866 960 8105 11792 10870 6807 11999 
2 3 12836 2017 960 
2 8 6278 4400 6368 3348 6308 403 227 3265 
2 6 13008 642 9453 3618 11455 9469 
2 5 11537 11473 6491 11524 9469 
2 6 9469 6498 6514 3459 9592 9753 
