
state={
	id=330
	name="STATE_330"
	impassable = yes

	history={
		owner = SWE

	}

	provinces={
		531 556 1257 1630 1647 1689 1698 1703 1708 1723 1725 1728 1743 1766 1774 1778 1781 1783 1787 1791 1798 1834 1838 1844 1853 1855 1859 1868 1882 1918 1933 1943 1970 1985 2010 2015 2022 2028 2045 2053 2074 2093 2099 3742 3745 4313 4375 4403 4407 4536 4655 4682 4697 4704 4709 4714 4729 4732 4751 4770 4777 4783 4786 4788 4792 4801 4823 4828 4843 4849 4856 4858 4862 4873 4882 4888 4893 4900 4914 4947 4964 4973 4994 4999 5011 5016 5025 5031 5057 5076 5080 5087 5094 5100 5193 5736 6638 7270 7397 7511 7519 7676 7693 7702 7717 7727 7732 7737 7749 7752 7773 7790 7792 7799 7803 7806 7808 7823 7843 7850 7864 7866 7870 7881 7885 7911 7926 7940 7949 7971 7988 7997 8018 8037 8042 8055 8059 8068 8081 8086 8102 8104 8112 8121 8127 9966 10315 10490 10539 10545 10554 10558 10560 10563 10575 10578 10614 10623 10632 10634 10647 10669 10674 10689 10691 10695 10704 10708 10724 10750 10755 10770 10787 10796 10802 10817 10834 10839 10856 10865 10885 10899 10903 10911 10918 11448 12119 12327 12520 12524 12526 12533 12539 12541 12544 12557 12579 12590 12596 12598 12601 12605 12612 12614 12629 12649 12656 12665 12669 12671 12675 12686 12695 12724 12732 12737 12750 12776 12784 12797 12801 12815 12820 12837 12846 12864 12882 12890 12899 13146 
	}
	manpower=1
	buildings_max_level_factor=1.000
	state_category=wasteland
	local_supplies=0.000
}
